1200 200 7732
1200 200 8577
1200 400 9009
1200 200 9377
1200 200 10551
1200 400 10944
1200 200 11388
1200 200 12349
1200 400 12712
1200 200 13066
1200 200 14207
1200 400 14635
1200 200 15055
1200 200 16074
1200 400 16422
1200 200 16755
1200 200 17873
1200 400 18272
1200 200 18774
1200 200 20667
1200 200 22504
1200 400 22939
1200 200 23366
1200 400 23858
1200 200 24365
1200 400 24804
1200 200 25270
1200 400 25741
1200 200 26179
1200 400 26406
1200 200 26674
1200 400 27109
1200 200 27338
1200 400 27543
1200 200 27762
1200 400 28056
1200 200 28290
1200 400 28537
1200 200 28984
1200 400 29187
1200 200 29436
1200 400 29643
1200 200 29926
1200 400 30181
1200 200 30413
